## color palettes for grid
neon1 <- c("#E3489C", "#58D559", "#00AFDF")

neon2 <- c("#ECE847", "#FF732B", "#E3489C")
